1009 1.31641 1032 1.31441 1
1035 1.31302 1037 1.31102 1
1055 1.31179 1068 1.30979 1
1070 1.31167 1296 1.30967 1
1310 1.31208 1317 1.31008 1
1328 1.30985 1546 1.31105 1
1564 1.31051 1572 1.30851 1
1577 1.30826 1579 1.30626 1
1615 1.30385 1663 1.3062 1
1849 1.30608 1890 1.30777 1
1919 1.30691 1945 1.30491 1
1955 1.30584 2017 1.3038399999999999 1
2049 1.30382 2125 1.30182 1
2193 1.29763 2365 1.29972 1
2419 1.29671 2513 1.30053 1
2531 1.30155 2691 1.30355 2
2691 1.30361 2712 1.30161 1
2745 1.29947 2757 1.30097 1
2764 1.30009 2881 1.30368 1
2917 1.30409 3063 1.30659 1
3072 1.30519 3087 1.30319 1
3098 1.30698 3307 1.30498 1
3284 1.30816 3307 1.30616 1
3266 1.3074 3307 1.3054 1
3331 1.30329 3381 1.30254 1
3957 1.30479 4017 1.30452 1
4162 1.30527 4204 1.31097 1
4231 1.31353 4255 1.313 1
4255 1.313 4350 1.315 2
4416 1.31225 4515 1.31025 1
4523 1.31182 4735 1.31382 2
4763 1.30995 4785 1.30878 2
4842 1.30765 5035 1.30965 2
5079 1.30647 5124 1.30447 1
5135 1.30581 5297 1.30281 1
5332 1.30251 5332 1.2995100000000002 2
5332 1.30251 5332 1.30251 1
5369 1.30112 5397 1.2981200000000002 1
5409 1.2993 5504 1.30263 1
5541 1.30211 5663 1.2991100000000002 1
5740 1.3012 5886 1.29833 2
5889 1.29886 5950 1.30924 1
5982 1.30964 6014 1.30838 2
6015 1.30829 6046 1.30908 1
6103 1.3097 6167 1.3127 2
6172 1.3137 6262 1.3167 2
